-387.7145439495326 -387.59004349108324 -124.05931685033825
-390.8571004808407 -392.1215354372747 -393.62938489130204
-397.06552500075657 -397.5875020221465 -401.6246403904584
-399.79241525520547 -267.28391500813143 -400.5559366158021
-76.47537008542272 -357.15421216816065 -357.0490703015306
-350.32690430128196 -349.80090384086424 -357.11473988895006
-344.40200925106575 -343.3345296308288 -346.43310472797896
-339.2198297478717 -339.0343426517479 -37.303406356429896
-346.3649440016311 -346.26810738887735 -332.75625995309167
-344.31554216077797 -344.5761124424535 -351.747324270364
-345.3743048341572 -344.37337118311206 -344.34059549542843
-342.57485173307276 -341.75610747509154 -353.13622550314483
-279.1845901421348 -279.0613938723617 -278.7460209279389
-279.5807856028565 -278.9569509229512 -292.872053182621
-276.7710040920771 -277.6093925387477 -280.4835932947876
-273.22614635559614 -274.1575955330084 -272.8482439023248
-258.6108577283152 -258.5238775917034 -260.2084456028396
-253.1388285685571 -252.54458811664426 -264.3082791570351
-244.01438919393553 -244.1176541141914 -243.92263862574148
-238.9417819512326 -239.15050673938467 -238.03601654221794
-202.04726820690308 -201.53805973878323 -199.10189290227058
-209.45045441574155 -209.80782392861423 -211.48565178659703
-212.41049963906886 -211.94356392002638 -214.2156329384896
-216.70368796816365 -216.67351042790705 -216.48452009032314
-174.96962969462817 -185.20217550884448 -185.37193744224277
-180.68893472196345 -180.9836310119843 -188.9300169696921
-175.4699233722626 -175.58243601984432 -175.76744834144307
-171.9533493435288 -172.38788455912015 -134.294103864795
-135.83036665032876 -135.99368546631842 -15.436518656017974
-114.66481319365424 -143.80263942286018 -143.79138191116152
-144.5743280620004 -144.74201510905547 -144.89479143463925
-147.14218197359892 -73.55448400307101 -146.96802679489898
34.41450297807977 -121.14019634867275 -131.05594825907284
-117.30485279029834 -117.51763909709017 -132.41962902036786
-113.75457095202447 -113.86022868840442 -114.50595892962207
-111.16749631586588 -111.1752350030891 60.43427014954605
-103.91427650455456 -117.72563691093943 -118.33479367580303
-107.47309130113092 -107.286911061177 -109.15772288565545
-103.29512329579312 -92.46720927701992 -103.1737143529766
-102.44758543419573 -103.30750689451732 115.60719067751161
-89.33526156625277 -89.75163596405439 -103.83978121886175
-108.37505359090615 -100.37223139702975 -100.48246685618041
-102.40325284424117 22.535081621104887 -104.89611488633365
-103.94924952023703 -106.11479621959506 150.2144406964382
-36.01136675803188 -51.48790675682673 -52.05578377473964
-30.548234193392545 -30.17250541669087 -44.27861066332474
-28.719767027908162 -28.538832169329304 238.22003318263458
252.27721232488764 -32.727010587330504 -33.37999332038859
-31.279278117001223 -35.845737280051985 -44.80362764613922
-30.668633945619767 -42.659176696645616 -34.69716684477118
-31.01150681745387 -31.137480725194486 237.4708351020745
-32.59423947613115 -48.095618284883614 -45.84565208224352
11.385429452983619 -0.1 -0.24884345399877306
-0.1 -0.1 -16.26890556603108
-0.197 366.98922552673133 -16.225039600582665
-0.1 -0.1 366.5331873462517
-255.04444296090284 -254.22415351296092 -261.21795893148675
-252.40168310652032 -252.74255710304428 -252.41680608222757
-259.6776046961863 -259.36587496890485 -262.9774769884249
-261.2063051708782 -260.1978874870447 -272.7620373354825
-197.45727129459198 -197.41907546058493 -154.00947489400446
-194.49297548436758 -195.32569967248327 -195.2877860266372
-198.68363475601902 -198.99081162997192 -215.6329027532618
-202.70894058094194 -197.44049125307083 -211.0599390887688
-154.78507108275625 -154.35500181117922 -155.17851947523985
-147.7980486320898 -147.40985803322937 -144.79419964502043
-151.45660161283035 -151.34492522193332 -168.12810570783557
-155.44878533769622 -155.44756106039944 -164.74170670173322
-297.3973139734378 -304.0427338529189 -311.8922560827632
-303.76159811050775 -304.55972945466146 -313.70682129109036
-301.24327012527635 -301.95149022277667 -305.22612124830323
-300.4215188493827 -300.424682402897 31.460742161412398
-261.6077122958114 -264.36669208844364 -273.4281114449878
-265.3966849013904 -265.6951911854027 -265.61632328620175
-264.1283557121453 -260.5679330605761 -277.4319788708748
-265.39494235189136 -265.64546704577924 89.96526617901498
-246.25927378221877 -246.37184981006718 -251.940412128578
-246.2253752321859 -246.3894698331528 -247.4779950803588
-246.244202802842 -246.63742324827737 -255.34646478985587
-246.58275022303857 -246.3854160421885 150.19568532041367
-148.31221941493996 -148.5997332569041 -151.64231298941974
-147.70562755945735 -148.1462869345148 -148.5976646641004
-149.66479725263432 -149.86451617356073 -150.30536240541446
-149.2663813181662 -149.18013033493364 236.09998146556893
-115.33132870582247 -115.36910694887658 354.02768259749996
-127.72412100762071 -117.40251932079963 -118.22965013515721
-116.62039281472829 -116.67176889383252 -120.98104004667857
-131.9607056686953 305.22797452683574 -135.14556575024625
-44.5131061471414 -60.156929048871206 477.9379283359541
-38.280017823352104 -39.023148226971394 -53.0524770946941
-54.89625809444453 -46.411794867495516 -65.4515843184632
-44.93048210669238 255.66764182889958 -51.818678361002924
547.9621850272223 -0.196 -0.2
-0.1 -0.1 -21.11369095139075
-0.1 -0.1 0.0
-0.1 -0.1 567.7800209152251
